{
 "cells": [
  {
   "cell_type": "markdown",
   "metadata": {},
   "source": [
    "# The Engineering World\n",
    "\n",
    "## Joining and Splitting Arrays\n",
    "- concatenate\n",
    "- stack\n",
    "- split\n"
   ]
  },
  {
   "cell_type": "code",
   "execution_count": 2,
   "metadata": {},
   "outputs": [],
   "source": [
    "import numpy as np"
   ]
  },
  {
   "cell_type": "code",
   "execution_count": 3,
   "metadata": {},
   "outputs": [
    {
     "data": {
      "text/plain": [
       "array([[1, 2],\n",
       "       [3, 4]])"
      ]
     },
     "execution_count": 3,
     "metadata": {},
     "output_type": "execute_result"
    }
   ],
   "source": [
    "a = np.array([[1,2], [3, 4]])\n",
    "b = np.array([[5, 6]])\n",
    "a"
   ]
  },
  {
   "cell_type": "code",
   "execution_count": 4,
   "metadata": {},
   "outputs": [
    {
     "data": {
      "text/plain": [
       "array([[5, 6]])"
      ]
     },
     "execution_count": 4,
     "metadata": {},
     "output_type": "execute_result"
    }
   ],
   "source": [
    "b"
   ]
  },
  {
   "cell_type": "code",
   "execution_count": 5,
   "metadata": {},
   "outputs": [],
   "source": [
    "together = np.concatenate((a, b), axis=0)"
   ]
  },
  {
   "cell_type": "code",
   "execution_count": 6,
   "metadata": {},
   "outputs": [
    {
     "data": {
      "text/plain": [
       "array([[1, 2],\n",
       "       [3, 4],\n",
       "       [5, 6]])"
      ]
     },
     "execution_count": 6,
     "metadata": {},
     "output_type": "execute_result"
    }
   ],
   "source": [
    "together"
   ]
  },
  {
   "cell_type": "code",
   "execution_count": 7,
   "metadata": {},
   "outputs": [
    {
     "data": {
      "text/plain": [
       "(3, 2)"
      ]
     },
     "execution_count": 7,
     "metadata": {},
     "output_type": "execute_result"
    }
   ],
   "source": [
    "together.shape"
   ]
  },
  {
   "cell_type": "code",
   "execution_count": 8,
   "metadata": {},
   "outputs": [],
   "source": [
    "together[1, 1] = 555"
   ]
  },
  {
   "cell_type": "code",
   "execution_count": 9,
   "metadata": {},
   "outputs": [
    {
     "data": {
      "text/plain": [
       "array([[  1,   2],\n",
       "       [  3, 555],\n",
       "       [  5,   6]])"
      ]
     },
     "execution_count": 9,
     "metadata": {},
     "output_type": "execute_result"
    }
   ],
   "source": [
    "together"
   ]
  },
  {
   "cell_type": "code",
   "execution_count": 10,
   "metadata": {},
   "outputs": [
    {
     "data": {
      "text/plain": [
       "array([[1, 2],\n",
       "       [3, 4]])"
      ]
     },
     "execution_count": 10,
     "metadata": {},
     "output_type": "execute_result"
    }
   ],
   "source": [
    "a"
   ]
  },
  {
   "cell_type": "code",
   "execution_count": 11,
   "metadata": {},
   "outputs": [],
   "source": [
    "c = np.array([[1,2], [3,4]]) *3 + 5"
   ]
  },
  {
   "cell_type": "code",
   "execution_count": 12,
   "metadata": {},
   "outputs": [
    {
     "data": {
      "text/plain": [
       "array([[ 8, 11],\n",
       "       [14, 17]])"
      ]
     },
     "execution_count": 12,
     "metadata": {},
     "output_type": "execute_result"
    }
   ],
   "source": [
    "c"
   ]
  },
  {
   "cell_type": "code",
   "execution_count": 13,
   "metadata": {},
   "outputs": [
    {
     "data": {
      "text/plain": [
       "array([[ 1,  2,  8, 11],\n",
       "       [ 3,  4, 14, 17]])"
      ]
     },
     "execution_count": 13,
     "metadata": {},
     "output_type": "execute_result"
    }
   ],
   "source": [
    "np.concatenate((a, c), axis=1)"
   ]
  },
  {
   "cell_type": "code",
   "execution_count": 14,
   "metadata": {},
   "outputs": [
    {
     "data": {
      "text/plain": [
       "array([[[ 1.04073391, -0.63017809, -0.94232819, -0.59783087],\n",
       "        [ 0.08156964,  0.7847392 , -0.61206902, -1.07297066],\n",
       "        [-1.41238659,  1.31141483, -0.60622989,  0.11852275]],\n",
       "\n",
       "       [[-0.98055759, -0.12074175,  0.00863384,  1.64075007],\n",
       "        [-1.1245683 ,  0.18478822,  1.78380708,  0.51649777],\n",
       "        [-0.31665234, -2.26345375, -0.13819644,  1.38307989]],\n",
       "\n",
       "       [[-0.10377109, -1.13388221,  1.08557652, -0.2549433 ],\n",
       "        [-0.59658705, -2.33728567, -0.11507117, -0.23946759],\n",
       "        [-2.29871859, -1.1668989 , -0.64951829,  0.14947251]],\n",
       "\n",
       "       [[ 1.19010318,  1.41816911,  0.91577027, -0.91764817],\n",
       "        [-0.30916799,  0.98190797, -0.11356874,  1.67582846],\n",
       "        [ 0.0023462 , -0.81243895,  0.07262913, -0.01420603]],\n",
       "\n",
       "       [[-0.40073048, -0.53231992,  0.06464473,  0.99647208],\n",
       "        [ 1.49699781, -0.32289624,  0.29718648, -0.8881659 ],\n",
       "        [-0.03626886, -0.00563975, -0.60482469, -0.30864424]]])"
      ]
     },
     "execution_count": 14,
     "metadata": {},
     "output_type": "execute_result"
    }
   ],
   "source": [
    "arrays = np.zeros((5, 3, 4))\n",
    "for n in range(5):\n",
    "    arrays[n] = np.random.randn(3, 4)\n",
    "    \n",
    "arrays"
   ]
  },
  {
   "cell_type": "code",
   "execution_count": 15,
   "metadata": {},
   "outputs": [],
   "source": [
    "stack0 = np.stack(arrays, axis=0)\n",
    "stack1 = np.stack(arrays, axis=1)\n",
    "stack2 = np.stack(arrays, axis=2)"
   ]
  },
  {
   "cell_type": "code",
   "execution_count": 16,
   "metadata": {},
   "outputs": [
    {
     "data": {
      "text/plain": [
       "array([[[ 1.04073391, -0.63017809, -0.94232819, -0.59783087],\n",
       "        [ 0.08156964,  0.7847392 , -0.61206902, -1.07297066],\n",
       "        [-1.41238659,  1.31141483, -0.60622989,  0.11852275]],\n",
       "\n",
       "       [[-0.98055759, -0.12074175,  0.00863384,  1.64075007],\n",
       "        [-1.1245683 ,  0.18478822,  1.78380708,  0.51649777],\n",
       "        [-0.31665234, -2.26345375, -0.13819644,  1.38307989]],\n",
       "\n",
       "       [[-0.10377109, -1.13388221,  1.08557652, -0.2549433 ],\n",
       "        [-0.59658705, -2.33728567, -0.11507117, -0.23946759],\n",
       "        [-2.29871859, -1.1668989 , -0.64951829,  0.14947251]],\n",
       "\n",
       "       [[ 1.19010318,  1.41816911,  0.91577027, -0.91764817],\n",
       "        [-0.30916799,  0.98190797, -0.11356874,  1.67582846],\n",
       "        [ 0.0023462 , -0.81243895,  0.07262913, -0.01420603]],\n",
       "\n",
       "       [[-0.40073048, -0.53231992,  0.06464473,  0.99647208],\n",
       "        [ 1.49699781, -0.32289624,  0.29718648, -0.8881659 ],\n",
       "        [-0.03626886, -0.00563975, -0.60482469, -0.30864424]]])"
      ]
     },
     "execution_count": 16,
     "metadata": {},
     "output_type": "execute_result"
    }
   ],
   "source": [
    "stack0"
   ]
  },
  {
   "cell_type": "code",
   "execution_count": 17,
   "metadata": {},
   "outputs": [
    {
     "data": {
      "text/plain": [
       "array([[[ 1.04073391, -0.63017809, -0.94232819, -0.59783087],\n",
       "        [-0.98055759, -0.12074175,  0.00863384,  1.64075007],\n",
       "        [-0.10377109, -1.13388221,  1.08557652, -0.2549433 ],\n",
       "        [ 1.19010318,  1.41816911,  0.91577027, -0.91764817],\n",
       "        [-0.40073048, -0.53231992,  0.06464473,  0.99647208]],\n",
       "\n",
       "       [[ 0.08156964,  0.7847392 , -0.61206902, -1.07297066],\n",
       "        [-1.1245683 ,  0.18478822,  1.78380708,  0.51649777],\n",
       "        [-0.59658705, -2.33728567, -0.11507117, -0.23946759],\n",
       "        [-0.30916799,  0.98190797, -0.11356874,  1.67582846],\n",
       "        [ 1.49699781, -0.32289624,  0.29718648, -0.8881659 ]],\n",
       "\n",
       "       [[-1.41238659,  1.31141483, -0.60622989,  0.11852275],\n",
       "        [-0.31665234, -2.26345375, -0.13819644,  1.38307989],\n",
       "        [-2.29871859, -1.1668989 , -0.64951829,  0.14947251],\n",
       "        [ 0.0023462 , -0.81243895,  0.07262913, -0.01420603],\n",
       "        [-0.03626886, -0.00563975, -0.60482469, -0.30864424]]])"
      ]
     },
     "execution_count": 17,
     "metadata": {},
     "output_type": "execute_result"
    }
   ],
   "source": [
    "stack1"
   ]
  },
  {
   "cell_type": "code",
   "execution_count": 18,
   "metadata": {},
   "outputs": [
    {
     "data": {
      "text/plain": [
       "array([[[ 1.04073391, -0.98055759, -0.10377109,  1.19010318,\n",
       "         -0.40073048],\n",
       "        [-0.63017809, -0.12074175, -1.13388221,  1.41816911,\n",
       "         -0.53231992],\n",
       "        [-0.94232819,  0.00863384,  1.08557652,  0.91577027,\n",
       "          0.06464473],\n",
       "        [-0.59783087,  1.64075007, -0.2549433 , -0.91764817,\n",
       "          0.99647208]],\n",
       "\n",
       "       [[ 0.08156964, -1.1245683 , -0.59658705, -0.30916799,\n",
       "          1.49699781],\n",
       "        [ 0.7847392 ,  0.18478822, -2.33728567,  0.98190797,\n",
       "         -0.32289624],\n",
       "        [-0.61206902,  1.78380708, -0.11507117, -0.11356874,\n",
       "          0.29718648],\n",
       "        [-1.07297066,  0.51649777, -0.23946759,  1.67582846,\n",
       "         -0.8881659 ]],\n",
       "\n",
       "       [[-1.41238659, -0.31665234, -2.29871859,  0.0023462 ,\n",
       "         -0.03626886],\n",
       "        [ 1.31141483, -2.26345375, -1.1668989 , -0.81243895,\n",
       "         -0.00563975],\n",
       "        [-0.60622989, -0.13819644, -0.64951829,  0.07262913,\n",
       "         -0.60482469],\n",
       "        [ 0.11852275,  1.38307989,  0.14947251, -0.01420603,\n",
       "         -0.30864424]]])"
      ]
     },
     "execution_count": 18,
     "metadata": {},
     "output_type": "execute_result"
    }
   ],
   "source": [
    "stack2"
   ]
  },
  {
   "cell_type": "code",
   "execution_count": 19,
   "metadata": {},
   "outputs": [
    {
     "data": {
      "text/plain": [
       "[array([0, 1, 2, 3, 4])]"
      ]
     },
     "execution_count": 19,
     "metadata": {},
     "output_type": "execute_result"
    }
   ],
   "source": [
    "temp = np.arange(5)\n",
    "np.split(temp, 1)"
   ]
  },
  {
   "cell_type": "code",
   "execution_count": 20,
   "metadata": {},
   "outputs": [
    {
     "data": {
      "text/plain": [
       "(5, 3, 4)"
      ]
     },
     "execution_count": 20,
     "metadata": {},
     "output_type": "execute_result"
    }
   ],
   "source": [
    "before_split = stack0\n",
    "before_split.shape"
   ]
  },
  {
   "cell_type": "code",
   "execution_count": 21,
   "metadata": {},
   "outputs": [
    {
     "data": {
      "text/plain": [
       "[array([[[ 1.04073391, -0.63017809, -0.94232819, -0.59783087],\n",
       "         [ 0.08156964,  0.7847392 , -0.61206902, -1.07297066],\n",
       "         [-1.41238659,  1.31141483, -0.60622989,  0.11852275]]]),\n",
       " array([[[-0.98055759, -0.12074175,  0.00863384,  1.64075007],\n",
       "         [-1.1245683 ,  0.18478822,  1.78380708,  0.51649777],\n",
       "         [-0.31665234, -2.26345375, -0.13819644,  1.38307989]]]),\n",
       " array([[[-0.10377109, -1.13388221,  1.08557652, -0.2549433 ],\n",
       "         [-0.59658705, -2.33728567, -0.11507117, -0.23946759],\n",
       "         [-2.29871859, -1.1668989 , -0.64951829,  0.14947251]]]),\n",
       " array([[[ 1.19010318,  1.41816911,  0.91577027, -0.91764817],\n",
       "         [-0.30916799,  0.98190797, -0.11356874,  1.67582846],\n",
       "         [ 0.0023462 , -0.81243895,  0.07262913, -0.01420603]]]),\n",
       " array([[[-0.40073048, -0.53231992,  0.06464473,  0.99647208],\n",
       "         [ 1.49699781, -0.32289624,  0.29718648, -0.8881659 ],\n",
       "         [-0.03626886, -0.00563975, -0.60482469, -0.30864424]]])]"
      ]
     },
     "execution_count": 21,
     "metadata": {},
     "output_type": "execute_result"
    }
   ],
   "source": [
    "s0=np.split (before_split, 5, axis = 0)\n",
    "s0"
   ]
  },
  {
   "cell_type": "code",
   "execution_count": 22,
   "metadata": {},
   "outputs": [
    {
     "data": {
      "text/plain": [
       "list"
      ]
     },
     "execution_count": 22,
     "metadata": {},
     "output_type": "execute_result"
    }
   ],
   "source": [
    "type(s0)"
   ]
  },
  {
   "cell_type": "code",
   "execution_count": 23,
   "metadata": {},
   "outputs": [
    {
     "data": {
      "text/plain": [
       "array([[[-0.98055759, -0.12074175,  0.00863384,  1.64075007],\n",
       "        [-1.1245683 ,  0.18478822,  1.78380708,  0.51649777],\n",
       "        [-0.31665234, -2.26345375, -0.13819644,  1.38307989]]])"
      ]
     },
     "execution_count": 23,
     "metadata": {},
     "output_type": "execute_result"
    }
   ],
   "source": [
    "s0[1]"
   ]
  },
  {
   "cell_type": "code",
   "execution_count": 24,
   "metadata": {},
   "outputs": [
    {
     "data": {
      "text/plain": [
       "(1, 3, 4)"
      ]
     },
     "execution_count": 24,
     "metadata": {},
     "output_type": "execute_result"
    }
   ],
   "source": [
    "s0[1].shape"
   ]
  },
  {
   "cell_type": "code",
   "execution_count": 25,
   "metadata": {},
   "outputs": [
    {
     "data": {
      "text/plain": [
       "[array([[[ 1.04073391, -0.63017809, -0.94232819, -0.59783087]],\n",
       " \n",
       "        [[-0.98055759, -0.12074175,  0.00863384,  1.64075007]],\n",
       " \n",
       "        [[-0.10377109, -1.13388221,  1.08557652, -0.2549433 ]],\n",
       " \n",
       "        [[ 1.19010318,  1.41816911,  0.91577027, -0.91764817]],\n",
       " \n",
       "        [[-0.40073048, -0.53231992,  0.06464473,  0.99647208]]]),\n",
       " array([[[ 0.08156964,  0.7847392 , -0.61206902, -1.07297066]],\n",
       " \n",
       "        [[-1.1245683 ,  0.18478822,  1.78380708,  0.51649777]],\n",
       " \n",
       "        [[-0.59658705, -2.33728567, -0.11507117, -0.23946759]],\n",
       " \n",
       "        [[-0.30916799,  0.98190797, -0.11356874,  1.67582846]],\n",
       " \n",
       "        [[ 1.49699781, -0.32289624,  0.29718648, -0.8881659 ]]]),\n",
       " array([[[-1.41238659,  1.31141483, -0.60622989,  0.11852275]],\n",
       " \n",
       "        [[-0.31665234, -2.26345375, -0.13819644,  1.38307989]],\n",
       " \n",
       "        [[-2.29871859, -1.1668989 , -0.64951829,  0.14947251]],\n",
       " \n",
       "        [[ 0.0023462 , -0.81243895,  0.07262913, -0.01420603]],\n",
       " \n",
       "        [[-0.03626886, -0.00563975, -0.60482469, -0.30864424]]])]"
      ]
     },
     "execution_count": 25,
     "metadata": {},
     "output_type": "execute_result"
    }
   ],
   "source": [
    "s1=np.split (before_split, 3, axis = 1)\n",
    "s1"
   ]
  },
  {
   "cell_type": "code",
   "execution_count": 26,
   "metadata": {},
   "outputs": [
    {
     "data": {
      "text/plain": [
       "[array([[[ 1.04073391],\n",
       "         [ 0.08156964],\n",
       "         [-1.41238659]],\n",
       " \n",
       "        [[-0.98055759],\n",
       "         [-1.1245683 ],\n",
       "         [-0.31665234]],\n",
       " \n",
       "        [[-0.10377109],\n",
       "         [-0.59658705],\n",
       "         [-2.29871859]],\n",
       " \n",
       "        [[ 1.19010318],\n",
       "         [-0.30916799],\n",
       "         [ 0.0023462 ]],\n",
       " \n",
       "        [[-0.40073048],\n",
       "         [ 1.49699781],\n",
       "         [-0.03626886]]]), array([[[-0.63017809],\n",
       "         [ 0.7847392 ],\n",
       "         [ 1.31141483]],\n",
       " \n",
       "        [[-0.12074175],\n",
       "         [ 0.18478822],\n",
       "         [-2.26345375]],\n",
       " \n",
       "        [[-1.13388221],\n",
       "         [-2.33728567],\n",
       "         [-1.1668989 ]],\n",
       " \n",
       "        [[ 1.41816911],\n",
       "         [ 0.98190797],\n",
       "         [-0.81243895]],\n",
       " \n",
       "        [[-0.53231992],\n",
       "         [-0.32289624],\n",
       "         [-0.00563975]]]), array([[[-0.94232819],\n",
       "         [-0.61206902],\n",
       "         [-0.60622989]],\n",
       " \n",
       "        [[ 0.00863384],\n",
       "         [ 1.78380708],\n",
       "         [-0.13819644]],\n",
       " \n",
       "        [[ 1.08557652],\n",
       "         [-0.11507117],\n",
       "         [-0.64951829]],\n",
       " \n",
       "        [[ 0.91577027],\n",
       "         [-0.11356874],\n",
       "         [ 0.07262913]],\n",
       " \n",
       "        [[ 0.06464473],\n",
       "         [ 0.29718648],\n",
       "         [-0.60482469]]]), array([[[-0.59783087],\n",
       "         [-1.07297066],\n",
       "         [ 0.11852275]],\n",
       " \n",
       "        [[ 1.64075007],\n",
       "         [ 0.51649777],\n",
       "         [ 1.38307989]],\n",
       " \n",
       "        [[-0.2549433 ],\n",
       "         [-0.23946759],\n",
       "         [ 0.14947251]],\n",
       " \n",
       "        [[-0.91764817],\n",
       "         [ 1.67582846],\n",
       "         [-0.01420603]],\n",
       " \n",
       "        [[ 0.99647208],\n",
       "         [-0.8881659 ],\n",
       "         [-0.30864424]]])]"
      ]
     },
     "execution_count": 26,
     "metadata": {},
     "output_type": "execute_result"
    }
   ],
   "source": [
    "s2=np.split (before_split, 4, axis = 2)\n",
    "s2"
   ]
  },
  {
   "cell_type": "code",
   "execution_count": null,
   "metadata": {},
   "outputs": [],
   "source": []
  }
 ],
 "metadata": {
  "kernelspec": {
   "display_name": "Python 3",
   "language": "python",
   "name": "python3"
  },
  "language_info": {
   "codemirror_mode": {
    "name": "ipython",
    "version": 3
   },
   "file_extension": ".py",
   "mimetype": "text/x-python",
   "name": "python",
   "nbconvert_exporter": "python",
   "pygments_lexer": "ipython3",
   "version": "3.6.5"
  }
 },
 "nbformat": 4,
 "nbformat_minor": 1
}
